15 14
120 120 117 109 122 111 112 121 113 114 109 117 101 122
116 117 105 102 121 107 125 112 121 105 122 117 101 117
119 111 107 100 107 117 111 113 122 110 102 112 108 114
120 116 111 104 115 120 111 106 100 109 122 107 110 115
101 100 121 121 101 111 122 119 120 119 118 122 100 109
121 106 102 113 114 119 118 104 107 123 124 124 110 102
107 103 107 120 100 100 100 102 111 117 122 117 108 122
117 125 125 123 124 106 123 104 117 113 114 116 118 107
120 109 124 122 119 107 109 123 125 103 105 121 108 101
120 122 120 116 107 100 111 115 109 110 106 104 115 111
116 101 114 125 109 120 103 103 113 120 109 110 107 115
107 110 118 122 123 105 122 112 116 119 107 105 106 125
115 115 118 107 117 105 102 106 110 100 106 124 115 124
121 118 107 103 124 122 112 123 116 123 125 104 118 102
101 124 125 107 115 102 121 118 114 108 124 100 116 104